s = 10;
b = 8/3;
r = 0.9;
